Recall: 0.9508425348977059
F1 Score: 0.9680024488254104
Accuracy: 0.9577772239362662
Binary Classification - Attack (1) or not (0) - complete
Multi-class classification - Attack type - starting
Loading saved model...
Feature importances:
L7_PROTO: 0.16957579237392256
DURATION_IN: 0.13985018078641906
NUM_PKTS_128_TO_256_BYTES: 0.12699122867955612
FLOW_DURATION_MILLISECONDS: 0.07665390609761917
MAX_IP_PKT_LEN: 0.06874763338592021
SHORTEST_FLOW_PKT: 0.06113466225992124
DST_TO_SRC_SECOND_BYTES: 0.05525962336182866
NUM_PKTS_UP_TO_128_BYTES: 0.05050782459569403
LONGEST_FLOW_PKT: 0.04362938621426567
TCP_WIN_MAX_IN: 0.03953709911696397
SRC_TO_DST_SECOND_BYTES: 0.03857702593204118
MAX_TTL: 0.019410827544666533
TCP_FLAGS: 0.013987667414481927
IN_PKTS: 0.01372958919337835
OUT_BYTES: 0.013005600761801697
TCP_WIN_MAX_OUT: 0.0102236026342548
IN_BYTES: 0.00956153302687746
CLIENT_TCP_FLAGS: 0.009267323614093399
DNS_TTL_ANSWER: 0.007434776939601664
ICMP_IPV4_TYPE: 0.007222796011137007
L4_DST_PORT: 0.005583901330022035
OUT_PKTS: 0.0048804288667535535
MIN_TTL: 0.0043338422834504255
DURATION_OUT: 0.002274705353804831
RETRANSMITTED_OUT_PKTS: 0.002025689175218738
PROTOCOL: 0.0019837198411906576
SERVER_TCP_FLAGS: 0.0018258406143619823
DNS_QUERY_TYPE: 0.0010076879620981502
L4_SRC_PORT: 0.00063391603853841
NUM_PKTS_1024_TO_1514_BYTES: 0.00047922089468916605
RETRANSMITTED_OUT_BYTES: 0.00029026584989496024
MIN_IP_PKT_LEN: 0.0001638632543470466
RETRANSMITTED_IN_PKTS: 0.00015799391096760985
RETRANSMITTED_IN_BYTES: 4.700661976100473e-05
ICMP_TYPE: 3.838060456799902e-06
NUM_PKTS_256_TO_512_BYTES: 0.0
NUM_PKTS_512_TO_1024_BYTES: 0.0
DNS_QUERY_ID: 0.0
FTP_COMMAND_RET_CODE: 0.0
False Positive Rate: 0.012845671357884978
True Positive Rate: 0.9719185487746276
Precision: 0.9680806509512984
Recall: 0.9719185487746276
F1 Score: 0.9699958036088965
Accuracy: 0.894705179659502
Multi-class classification - Attack type - complete
