Best Model for binary classification loaded from gs://dee-cs777-bucket-1/datafolder/project_output_dir/best_model_binary
Feature importances:
FLOW_DURATION_MILLISECONDS: 0.1707641985601304
L7_PROTO: 0.13509006137975402
OUT_BYTES: 0.10417682996778656
DURATION_IN: 0.06404008227710054
MAX_TTL: 0.05870936546332029
MIN_TTL: 0.05666470711427377
SRC_TO_DST_SECOND_BYTES: 0.05207428023386761
TCP_WIN_MAX_IN: 0.05095092421055813
L4_DST_PORT: 0.050882754494322245
DST_TO_SRC_SECOND_BYTES: 0.03317174964815905
MIN_IP_PKT_LEN: 0.027525072776303987
OUT_PKTS: 0.025827343220679855
IN_PKTS: 0.02050382431627074
LONGEST_FLOW_PKT: 0.01899290124054528
MAX_IP_PKT_LEN: 0.018693583366418947
IN_BYTES: 0.01773910282348235
L4_SRC_PORT: 0.01136342979174747
TCP_WIN_MAX_OUT: 0.011085690955931284
SHORTEST_FLOW_PKT: 0.010788152350579646
CLIENT_TCP_FLAGS: 0.010576595609514357
DNS_QUERY_TYPE: 0.009500524036317848
NUM_PKTS_UP_TO_128_BYTES: 0.00878691236446269
TCP_FLAGS: 0.006662991710704146
RETRANSMITTED_IN_PKTS: 0.005370080336982753
NUM_PKTS_128_TO_256_BYTES: 0.004909479349109324
PROTOCOL: 0.0037358131581186967
DURATION_OUT: 0.0021121369505961384
ICMP_TYPE: 0.001989909974615788
SERVER_TCP_FLAGS: 0.0018999249933339911
RETRANSMITTED_OUT_PKTS: 0.0013475216034908582
RETRANSMITTED_OUT_BYTES: 0.0012871033686690455
ICMP_IPV4_TYPE: 0.0011489089639672267
NUM_PKTS_256_TO_512_BYTES: 0.0008999163964180298
NUM_PKTS_1024_TO_1514_BYTES: 0.000329737538697645
DNS_QUERY_ID: 0.0003196795349221016
RETRANSMITTED_IN_BYTES: 7.838474538270459e-05
NUM_PKTS_512_TO_1024_BYTES: 3.251734647497956e-07
FTP_COMMAND_RET_CODE: 0.0
Confusion Matrix:
[[ 7361382.   187180.]
 [  820786. 14422100.]]
False Positive Rate: 0.053847152041942715
True Positive Rate: 0.9752032241372596
Precision: 0.9871875958295001
