Recall: 0.9461528479580573
F1 Score: 0.9662347449092974
Accuracy: 0.955774376423999
Binary Classification - Attack (1) or not (0) - complete
Multi-class classification - Attack type - starting
Loading saved model...
Feature importances:
MAX_IP_PKT_LEN: 0.1821252194197056
NUM_PKTS_UP_TO_128_BYTES: 0.11239853106213583
L7_PROTO: 0.09049715107380923
SRC_TO_DST_SECOND_BYTES: 0.08144905180112859
SHORTEST_FLOW_PKT: 0.07893611844540102
FLOW_DURATION_MILLISECONDS: 0.07368008126655312
LONGEST_FLOW_PKT: 0.06395419285579537
DST_TO_SRC_SECOND_BYTES: 0.05720603233771005
IN_BYTES: 0.050779180346802844
DURATION_IN: 0.04862469973930382
OUT_BYTES: 0.04160674805369801
L4_DST_PORT: 0.023540700116915645
DURATION_OUT: 0.021927226062040228
TCP_WIN_MAX_IN: 0.019430091510228256
MIN_IP_PKT_LEN: 0.01902757537721566
CLIENT_TCP_FLAGS: 0.006750197585616481
MAX_TTL: 0.005985173711027808
TCP_FLAGS: 0.0058268622764737965
MIN_TTL: 0.0028758174982305793
NUM_PKTS_128_TO_256_BYTES: 0.0026814514189345356
DNS_QUERY_ID: 0.0018115913202612188
SERVER_TCP_FLAGS: 0.0017975544340473328
L4_SRC_PORT: 0.0017212385101363556
TCP_WIN_MAX_OUT: 0.0016007353676820396
OUT_PKTS: 0.0010101264566505642
ICMP_IPV4_TYPE: 0.0008836478945934402
DNS_QUERY_TYPE: 0.0007578524789717867
PROTOCOL: 0.000611612603276453
NUM_PKTS_256_TO_512_BYTES: 0.00025817535644916915
NUM_PKTS_1024_TO_1514_BYTES: 0.0001592053628704866
IN_PKTS: 4.524327216540394e-05
ICMP_TYPE: 4.080130101413619e-05
NUM_PKTS_512_TO_1024_BYTES: 1.1368315527918087e-07
RETRANSMITTED_IN_BYTES: 0.0
RETRANSMITTED_IN_PKTS: 0.0
RETRANSMITTED_OUT_BYTES: 0.0
RETRANSMITTED_OUT_PKTS: 0.0
FTP_COMMAND_RET_CODE: 0.0
